\begin{tabular}{lrrrrrrr}
\toprule
 & asc_01 & asc_04 & asc_05 & asc_06 & asc_07 & asc_08 & mu-toksia-glucose \\
\midrule
asc_01 & 128 & 81 & 128 & 95 & 74 & 0 & 127 \\
asc_04 & 81 & 333 & 333 & 333 & 192 & 252 & 325 \\
asc_05 & 128 & 333 & 1035 & 800 & 622 & 705 & 925 \\
asc_06 & 95 & 333 & 800 & 1274 & 1044 & 1168 & 1183 \\
asc_07 & 74 & 192 & 622 & 1044 & 1053 & 967 & 970 \\
asc_08 & 0 & 252 & 705 & 1168 & 967 & 1176 & 1086 \\
mu-toksia-glucose & 127 & 325 & 925 & 1183 & 970 & 1086 & 1382 \\
\bottomrule
\end{tabular}
