\begin{tabular}{lrrrrrr}
\toprule
{} &  \textbackslash Sc\{1\} &  \textbackslash Sc\{4\} &  \textbackslash Sc\{5\} &  \textbackslash Sc\{6\} &  \textbackslash Sc\{7\} &  \textbackslash Sc\{8\} \\
\midrule
\textbackslash Sc\{1\} &     128 &      81 &     128 &      95 &      74 &       0 \\
\textbackslash Sc\{4\} &      81 &     333 &     333 &     333 &     192 &     252 \\
\textbackslash Sc\{5\} &     128 &     333 &    1035 &     800 &     622 &     705 \\
\textbackslash Sc\{6\} &      95 &     333 &     800 &    1274 &    1044 &    1168 \\
\textbackslash Sc\{7\} &      74 &     192 &     622 &    1044 &    1053 &     967 \\
\textbackslash Sc\{8\} &       0 &     252 &     705 &    1168 &     967 &    1176 \\
\bottomrule
\end{tabular}
